% -------------------------------------------------------------------
%  Generated by MATLAB on 11-Jun-2018 23:31:01
%  MATLAB version: 8.4.0.150421 (R2014b)
% -------------------------------------------------------------------
                                     

y_12bit_0_to_2pi = [2048; 2098; 2149; 2199; 2250; 2300; 2350; 2400; 2450; ...
                    2500; 2549; 2598; 2646; 2695; 2742; 2790; 2837; 2883; ...
                    2929; 2975; 3020; 3064; 3108; 3151; 3193; 3235; 3275; ...
                    3316; 3355; 3394; 3431; 3468; 3504; 3539; 3574; 3607; ...
                    3639; 3671; 3701; 3730; 3759; 3786; 3812; 3837; 3861; ...
                    3884; 3906; 3927; 3946; 3965; 3982; 3998; 4013; 4026; ...
                    4039; 4050; 4060; 4069; 4076; 4082; 4087; 4091; 4094; ...
                    4095; 4095; 4094; 4091; 4087; 4082; 4076; 4069; 4060; ...
                    4050; 4039; 4026; 4013; 3998; 3982; 3965; 3946; 3927; ...
                    3906; 3884; 3861; 3837; 3812; 3786; 3759; 3730; 3701; ...
                    3671; 3639; 3607; 3574; 3539; 3504; 3468; 3431; 3394; ...
                    3355; 3316; 3275; 3235; 3193; 3151; 3108; 3064; 3020; ...
                    2975; 2929; 2883; 2837; 2790; 2742; 2695; 2646; 2598; ...
                    2549; 2500; 2450; 2400; 2350; 2300; 2250; 2199; 2149; ...
                    2098; 2048; 1997; 1946; 1896; 1845; 1795; 1745; 1695; ...
                    1645; 1595; 1546; 1497; 1449; 1400; 1353; 1305; 1258; ...
                    1212; 1166; 1120; 1075; 1031; 987; 944; 902; 860; 820; ...
                    779; 740; 701; 664; 627; 591; 556; 521; 488; 456; 424; ...
                    394; 365; 336; 309; 283; 258; 234; 211; 189; 168; 149; ...
                    130; 113; 97; 82; 69; 56; 45; 35; 26; 19; 13; 8; 4; ...
                    1; 0; 0; 1; 4; 8; 13; 19; 26; 35; 45; 56; 69; 82; 97; ...
                    113; 130; 149; 168; 189; 211; 234; 258; 283; 309; 336; ...
                    365; 394; 424; 456; 488; 521; 556; 591; 627; 664; 701; ...
                    740; 779; 820; 860; 902; 944; 987; 1031; 1075; 1120; ...
                    1166; 1212; 1258; 1305; 1353; 1400; 1449; 1497; 1546; ...
                    1595; 1645; 1695; 1745; 1795; 1845; 1896; 1946; 1997; ...
                    2047];

